.github/workflows/ci.yml
  h_64425bc75e3f3d 106,951,1363,1761,1763,1863,1874,1892,2369,2391,2401,2443,2449-2450,2453,2476,2519,2559,2561,2574,2612,2616,2650,2672,2729,2737,2974,2978,2995,3011,3049,3056,3122,3234,3266,3312,3351,3485,3496,3657,3661,3663,3682,3881,4057,4071,4090,4129,4381,4487,4492,4505,4512,4659,4860,5247,5260,5632,5652,5659,5716,5820,5854,5897,6130,6143,6188,6242,6352,6355,6479,6496,6540,6570,6637,6709,6740,6749-6750,6782,6785,6796,6878,6906,7012,7075,7081,7086,7161
---
{
  "schema_version": "authorship/3.0.0",
  "git_ai_version": "1.7.4",
  "base_commit_sha": "9af51ca915e2863644bead169412522a5878c8f1",
  "prompts": {},
  "humans": {
    "h_64425bc75e3f3d": {
      "author": "LZL0 <12474488+LZL0@users.noreply.github.com>"
    }
  }
}