net/crates/net/bindings/node/src/lib.rs
  h_64425bc75e3f3d 1952-1953
net/crates/net/bindings/python/src/lib.rs
  h_64425bc75e3f3d 1940-1941
net/crates/net/sdk/src/mesh.rs
  h_64425bc75e3f3d 1005-1009
net/crates/net/src/adapter/net/behavior/proximity.rs
  h_64425bc75e3f3d 13,278,322,350,653,678,730
net/crates/net/src/adapter/net/failure.rs
  h_64425bc75e3f3d 12,65,95,109,182,316,326
net/crates/net/src/adapter/net/mesh.rs
  h_64425bc75e3f3d 287,302-303,495,498,514,548-549,681,694,763,1110,1118,1426,1430,1575-1576,1780,2998,3006,3015,3017-3018,3026,3028,3074,3081,3314,3320,4723,4762,4774,4784,4804,4817,4831,5020,5040,5074,5085,5094,5255,5257,5293,5778,5793,5796,5883,5885,5906,5939,5941,5961,5988,5990,6026,6286,6294,6456,6676,6690,6760,6798,6801-6802,6810-6811,6857,7793,7795,7817,7819,9256,9292,9294,9296,10491-10494,10503,11235,11304,12102,12128,12140,12325,12336,12590,12606,12725,12762,12843,13345-13347,13484,14172,14332,16632,16756,21798,21803,21808,21865,21872,21921,21927,21939,21957,22106,22133,22267,22286-22290,22292,22298,22301,23713,23947,23971,24090,24254,24277-24279,24317,24517,24564,24747,25053,25086,25348,25374,25455,25475,25520,25522,25719,25737,25771,25788,25897,25902,26376-26382,26400,27103,27188,27212,27223,27247,27273,27288,27299,27319,27347,27398,27425,27442,27542,27555,27557,27611,27691,27972,27997,28229,28248,28303,28324,28397-28398,28425-28426,28775,29999,30002-30003,30026-30027,30031,30300,30325,30630,30777,31318,31362,31945,32215,32245,32278,32421,32474,32534,32592,32620,33363,33390,33404,33444,33514,33537,33598,33687-33688,33707,33727,33881-33884,33897,33931,34019-34025,34064,34097,34114,34845,34870,35513,35572-35578,35769-35773,35840,36696,37563,37944,38173-38174,38177,38191,38205,38245,38247-38248,38266,39254,39390,39409-39410,39539,39589,39656,39678,39712,39725,39727,39991,40048,40224-40229,40263,40314,40350,40406,40431-40433,40497,40519,40529,40632-40633,40685-40687,40781-40782,40825-40827,40831,41151,41155,41542,42493,42504,43231,43330,43461,43549,43654
net/crates/net/src/adapter/net/mod.rs
  h_64425bc75e3f3d 523,633,970-972,1072-1074,1083-1087,1168,1210,1463,1521-1524
net/crates/net/src/adapter/net/reroute.rs
  h_64425bc75e3f3d 23,51,55,77,105,291
net/crates/net/src/adapter/net/route.rs
  h_64425bc75e3f3d 10,416,443,454,466,481,497,599,688,760,762,932,952,1001,1172,1215,1272,1318,1355,1368,1384,1399,1441,1502,1558
net/crates/net/src/adapter/net/router.rs
  h_64425bc75e3f3d 14-15,115,131,200,732,752,771,910-920,963,994-1001,1032-1035,1047,1049,1055,1160
net/crates/net/src/adapter/net/session.rs
  h_64425bc75e3f3d 18,67,164,318
net/crates/net/src/adapter/net/subnet/route_hop.rs
  h_64425bc75e3f3d 93-94
net/crates/net/src/adapter/net/swarm.rs
  h_64425bc75e3f3d 12,343,358,544,687
net/crates/net/src/adapter/net/transport.rs
  h_64425bc75e3f3d 500-501,506,580-581
---
{
  "schema_version": "authorship/3.0.0",
  "git_ai_version": "1.7.4",
  "base_commit_sha": "a55b8c78b6b21320e0ebd4b4da0041469f499365",
  "prompts": {},
  "humans": {
    "h_64425bc75e3f3d": {
      "author": "LZL0 <12474488+LZL0@users.noreply.github.com>"
    }
  }
}